# name: debug
# type: sparse matrix
# nnz: 3537
# rows: 357
# columns: 357

1 1 1000
2 1 0
3 1 0
4 1 -500
5 1 0
6 1 0
1 2 0
2 2 1000
3 2 225
4 2 0
5 2 -500
6 2 0
1 3 0
2 3 225
3 3 1101.25
4 3 0
5 3 -225
6 3 -500
1 4 -500
2 4 0
3 4 0
4 4 1700
5 4 0
6 4 -5600
7 4 -500
8 4 0
9 4 0
244 4 -700
245 4 0
246 4 0
1 5 0
2 5 -500
3 5 -225
4 5 0
5 5 1700
6 5 3095
7 5 0
8 5 -500
9 5 0
244 5 0
245 5 -700
246 5 0
1 6 0
2 6 0
3 6 -500
4 6 -5600
5 6 3095
6 6 58368.25
7 6 0
8 6 -225
9 6 -500
244 6 5600
245 6 -2870
246 6 -700
4 7 -500
5 7 0
6 7 0
7 7 1000
8 7 0
9 7 0
10 7 -500
11 7 0
12 7 0
4 8 0
5 8 -500
6 8 -225
7 8 0
8 8 1000
9 8 225
10 8 0
11 8 -500
12 8 0
4 9 0
5 9 0
6 9 -500
7 9 0
8 9 225
9 9 1101.25
10 9 0
11 9 -225
12 9 -500
7 10 -500
8 10 0
9 10 0
10 10 1700
11 10 0
12 10 -5579.84872
13 10 -500
14 10 0
15 10 0
250 10 -700
251 10 0
252 10 0
7 11 0
8 11 -500
9 11 -225
10 11 0
11 11 1700
12 11 2450.90526
13 11 0
14 11 -500
15 11 0
250 11 0
251 11 -700
252 11 0
7 12 0
8 12 0
9 12 -500
10 12 -5579.84872
11 12 2450.90526
12 12 53757.7742
13 12 -20.1512776
14 12 -210.905255
15 12 -500
250 12 5600
251 12 -2240
252 12 -700
10 13 -500
11 13 0
12 13 -20.1512776
13 13 1000
14 13 0
15 13 75.1735541
16 13 -500
17 13 0
18 13 0
10 14 0
11 14 -500
12 14 -210.905255
13 14 0
14 14 1000
15 14 241.779102
16 14 0
17 14 -500
18 14 0
10 15 0
11 15 0
12 15 -500
13 15 75.1735541
14 15 241.779102
15 15 1128.21639
16 15 -75.1735541
17 15 -241.779102
18 15 -500
13 16 -500
14 16 0
15 16 -75.1735541
16 16 1700
17 16 7.99360578e-15
18 16 -5735.13326
19 16 -500
20 16 -8.8817842e-16
21 16 0
256 16 -700
257 16 -7.10542736e-15
258 16 0
13 17 0
14 17 -500
15 17 -241.779102
16 17 7.99360578e-15
17 17 1700
18 17 1761.40008
19 17 8.8817842e-16
20 17 -500
21 17 0
256 17 7.10542736e-15
257 17 -700
258 17 0
13 18 0
14 18 0
15 18 -500
16 18 -5735.13326
17 18 1761.40008
18 18 52394.606
19 18 1.67849086
20 18 -155.158183
21 18 -500
256 18 5733.45476
257 18 -1606.2419
258 18 -700
16 19 -500
17 19 8.8817842e-16
18 19 1.67849086
19 19 1000
20 19 8.8817842e-16
21 19 11.0150781
22 19 -500
23 19 0
24 19 0
16 20 -8.8817842e-16
17 20 -500
18 20 -155.158183
19 20 8.8817842e-16
20 20 1000
21 20 208.12302
22 20 0
23 20 -500
24 20 0
16 21 0
17 21 0
18 21 -500
19 21 11.0150781
20 21 208.12302
21 21 1086.87305
22 21 -11.0150781
23 21 -208.12302
24 21 -500
19 22 -500
20 22 0
21 22 -11.0150781
22 22 1700
23 22 0
24 22 -5808.06966
25 22 -500
26 22 0
27 22 0
262 22 -700
263 22 0
264 22 0
19 23 0
20 23 -500
21 23 -208.12302
22 23 0
23 23 1700
24 23 1276.82926
25 23 0
26 23 -500
27 23 0
262 23 0
263 23 -700
264 23 0
19 24 0
20 24 0
21 24 -500
22 24 -5808.06966
23 24 1276.82926
24 24 50668.062
25 24 61.543676
26 24 -179.181043
27 24 -500
262 24 5746.52599
263 24 -1097.64822
264 24 -700
22 25 -500
23 25 0
24 25 61.543676
25 25 1000
26 25 -1.42108547e-14
27 25 -5.93717766
28 25 -500
29 25 1.42108547e-14
30 25 0
22 26 0
23 26 -500
24 26 -179.181043
25 26 -1.42108547e-14
26 26 1000
27 26 189.72942
28 26 -1.42108547e-14
29 26 -500
30 26 0
22 27 0
23 27 0
24 27 -500
25 27 -5.93717766
26 27 189.72942
27 27 1072.06501
28 27 5.93717766
29 27 -189.72942
30 27 -500
25 28 -500
26 28 -1.42108547e-14
27 28 5.93717766
28 28 1700
29 28 -1.42108547e-14
30 28 -5668.62521
31 28 -500
32 28 0
33 28 0
268 28 -700
269 28 0
270 28 0
25 29 1.42108547e-14
26 29 -500
27 29 -189.72942
28 29 -1.42108547e-14
29 29 1700
30 29 776.269462
31 29 0
32 29 -500
33 29 0
268 29 0
269 29 -700
270 29 0
25 30 0
26 30 0
27 30 -500
28 30 -5668.62521
29 30 776.269462
30 30 47895.9076
31 30 16.5724221
32 30 -195.095893
33 30 -500
268 30 5652.05279
269 30 -581.173569
270 30 -700
28 31 -500
29 31 0
30 31 16.5724221
31 31 1000
32 31 0
33 31 -159.247507
34 31 -500
35 31 0
36 31 0
28 32 0
29 32 -500
30 32 -195.095893
31 32 0
32 32 1000
33 32 201.802305
34 32 0
35 32 -500
36 32 0
28 33 0
29 33 0
30 33 -500
31 33 -159.247507
32 33 201.802305
33 33 1132.16788
34 33 159.247507
35 33 -201.802305
36 33 -500
31 34 -500
32 34 0
33 34 159.247507
34 34 1700
35 34 0
36 34 -5423.20727
37 34 -500
38 34 0
39 34 0
274 34 -700
275 34 0
276 34 0
31 35 0
32 35 -500
33 35 -201.802305
34 35 0
35 35 1700
36 35 118.107139
37 35 0
38 35 -500
39 35 0
274 35 0
275 35 -700
276 35 0
31 36 0
32 36 0
33 36 -500
34 36 -5423.20727
35 36 118.107139
36 36 43466.9718
37 36 17.3023813
38 36 -92.5910485
39 36 -500
274 36 5405.90489
275 36 -25.5160909
276 36 -700
34 37 -500
35 37 0
36 37 17.3023813
37 37 1000
38 37 -8.8817842e-16
39 37 -31.1529143
40 37 -500
41 37 8.8817842e-16
42 37 0
34 38 0
35 38 -500
36 38 -92.5910485
37 38 -8.8817842e-16
38 38 1000
39 38 183.938222
40 38 -8.8817842e-16
41 38 -500
42 38 0
34 39 0
35 39 0
36 39 -500
37 39 -31.1529143
38 39 183.938222
39 39 1069.60755
40 39 31.1529143
41 39 -183.938222
42 39 -500
37 40 -500
38 40 -8.8817842e-16
39 40 31.1529143
40 40 1700
41 40 -2.66453526e-15
42 40 -5279.36481
43 40 -500
44 40 0
45 40 0
280 40 -700
281 40 1.77635684e-15
282 40 0
37 41 8.8817842e-16
38 41 -500
39 41 -183.938222
40 41 -2.66453526e-15
41 41 1700
42 41 -216.059073
43 41 0
44 41 -500
45 41 0
280 41 -1.77635684e-15
281 41 -700
282 41 0
37 42 0
38 42 0
39 42 -500
40 42 -5279.36481
41 42 -216.059073
42 42 42643.1808
43 42 -58.7026645
44 42 -145.565814
45 42 -500
280 42 5338.06748
281 42 361.624888
282 42 -700
40 43 -500
41 43 0
42 43 -58.7026645
43 43 1000
44 43 -1.42108547e-14
45 43 54.9356714
46 43 -500
47 43 1.42108547e-14
48 43 0
40 44 0
41 44 -500
42 44 -145.565814
43 44 -1.42108547e-14
44 44 1000
45 44 226.862651
46 44 -1.42108547e-14
47 44 -500
48 44 0
40 45 0
41 45 0
42 45 -500
43 45 54.9356714
44 45 226.862651
45 45 1108.96918
46 45 -54.9356714
47 45 -226.862651
48 45 -500
43 46 -500
44 46 -1.42108547e-14
45 46 -54.9356714
46 46 1700
47 46 -3.90798505e-14
48 46 -5412.01293
49 46 -500
50 46 -3.55271368e-15
51 46 0
286 46 -700
287 46 2.84217094e-14
288 46 0
43 47 1.42108547e-14
44 47 -500
45 47 -226.862651
46 47 -3.90798505e-14
47 47 1700
48 47 -658.593281
49 47 3.55271368e-15
50 47 -500
51 47 0
286 47 -2.84217094e-14
287 47 -700
288 47 0
43 48 0
44 48 0
45 48 -500
46 48 -5412.01293
47 48 -658.593281
48 48 46098.8299
49 48 -85.1482178
50 48 -224.431459
51 48 -500
286 48 5497.16115
287 48 883.02474
288 48 -700
46 49 -500
47 49 3.55271368e-15
48 49 -85.1482178
49 49 1000
50 49 7.10542736e-15
51 49 -16.1103198
52 49 -500
53 49 -3.55271368e-15
54 49 0
46 50 -3.55271368e-15
47 50 -500
48 50 -224.431459
49 50 7.10542736e-15
50 50 1000
51 50 201.855934
52 50 3.55271368e-15
53 50 -500
54 50 0
46 51 0
47 51 0
48 51 -500
49 51 -16.1103198
50 51 201.855934
51 51 1082.01072
52 51 16.1103198
53 51 -201.855934
54 51 -500
49 52 -500
50 52 3.55271368e-15
51 52 16.1103198
52 52 1700
53 52 1.0658141e-14
54 52 -5544.55531
55 52 -500
56 52 -3.55271368e-15
57 52 0
292 52 -700
293 52 -3.55271368e-15
294 52 0
49 53 -3.55271368e-15
50 53 -500
51 53 -201.855934
52 53 1.0658141e-14
53 53 1700
54 53 -1299.02029
55 53 3.55271368e-15
56 53 -500
57 53 0
292 53 3.55271368e-15
293 53 -700
294 53 0
49 54 0
50 54 0
51 54 -500
52 54 -5544.55531
53 54 -1299.02029
54 54 49599.7288
55 54 -49.2588921
56 54 -180.806801
57 54 -500
292 54 5593.81421
293 54 1479.82709
294 54 -700
52 55 -500
53 55 3.55271368e-15
54 55 -49.2588921
55 55 500
56 55 3.55271368e-15
57 55 0
58 55 0
59 55 0
60 55 0
52 56 -3.55271368e-15
53 56 -500
54 56 -180.806801
55 56 3.55271368e-15
56 56 500
57 56 0
58 56 0
59 56 0
60 56 0
52 57 0
53 57 0
54 57 -500
55 57 0
56 57 0
57 57 500
58 57 0
59 57 0
60 57 0
55 58 0
56 58 0
57 58 0
58 58 0
59 58 0
60 58 0
61 58 0
62 58 0
63 58 0
298 58 0
299 58 0
300 58 0
55 59 0
56 59 0
57 59 0
58 59 0
59 59 0
60 59 0
61 59 0
62 59 0
63 59 0
298 59 0
299 59 0
300 59 0
55 60 0
56 60 0
57 60 0
58 60 0
59 60 0
60 60 0
61 60 0
62 60 0
63 60 0
298 60 0
299 60 0
300 60 0
58 61 0
59 61 0
60 61 0
61 61 0
62 61 0
63 61 0
64 61 0
65 61 0
66 61 0
58 62 0
59 62 0
60 62 0
61 62 0
62 62 0
63 62 0
64 62 0
65 62 0
66 62 0
58 63 0
59 63 0
60 63 0
61 63 0
62 63 0
63 63 0
64 63 0
65 63 0
66 63 0
61 64 0
62 64 0
63 64 0
64 64 700
