1.000000000000000000e+00 -0.000000000000000000e+00 0.000000000000000000e+00 -8.000000000000000000e+00 0.000000000000000000e+00 1.000000000000000000e+00 0.000000000000000000e+00 5.000000000000000000e+00 0.000000000000000000e+00 0.000000000000000000e+00 1.000000000000000000e+00 0.000000000000000000e+00
1.000000000000000000e+00 -0.000000000000000000e+00 0.000000000000000000e+00 -8.000000000000000000e+00 0.000000000000000000e+00 1.000000000000000000e+00 0.000000000000000000e+00 4.549999999999999822e+00 0.000000000000000000e+00 0.000000000000000000e+00 1.000000000000000000e+00 0.000000000000000000e+00
1.000000000000000000e+00 -0.000000000000000000e+00 0.000000000000000000e+00 -8.000000000000000000e+00 0.000000000000000000e+00 1.000000000000000000e+00 0.000000000000000000e+00 4.099999999999999645e+00 0.000000000000000000e+00 0.000000000000000000e+00 1.000000000000000000e+00 0.000000000000000000e+00
1.000000000000000000e+00 -0.000000000000000000e+00 0.000000000000000000e+00 -8.000000000000000000e+00 0.000000000000000000e+00 1.000000000000000000e+00 0.000000000000000000e+00 3.649999999999999467e+00 0.000000000000000000e+00 0.000000000000000000e+00 1.000000000000000000e+00 0.000000000000000000e+00
1.000000000000000000e+00 -0.000000000000000000e+00 0.000000000000000000e+00 -8.000000000000000000e+00 0.000000000000000000e+00 1.000000000000000000e+00 0.000000000000000000e+00 3.199999999999999289e+00 0.000000000000000000e+00 0.000000000000000000e+00 1.000000000000000000e+00 0.000000000000000000e+00
9.965774438266830071e-01 8.266437234912359100e-02 0.000000000000000000e+00 -7.746118234050551443e+00 -8.266437234912359100e-02 9.965774438266830071e-01 0.000000000000000000e+00 2.616015983876286644e+00 0.000000000000000000e+00 0.000000000000000000e+00 1.000000000000000000e+00 0.000000000000000000e+00
9.943208397152850653e-01 1.064239996800082078e-01 0.000000000000000000e+00 -7.902556218454384052e+00 -1.064239996800082078e-01 9.943208397152850653e-01 0.000000000000000000e+00 2.249212186444676131e+00 0.000000000000000000e+00 0.000000000000000000e+00 1.000000000000000000e+00 0.000000000000000000e+00
9.971308137031292818e-01 7.569769061031693391e-02 0.000000000000000000e+00 -7.863653958816456679e+00 -7.569769061031693391e-02 9.971308137031292818e-01 0.000000000000000000e+00 1.878354451051049701e+00 0.000000000000000000e+00 0.000000000000000000e+00 1.000000000000000000e+00 0.000000000000000000e+00
9.908906373156100011e-01 1.346690197493998764e-01 0.000000000000000000e+00 -7.716914455173667697e+00 -1.346690197493998764e-01 9.908906373156100011e-01 0.000000000000000000e+00 1.588459095731095561e+00 0.000000000000000000e+00 0.000000000000000000e+00 1.000000000000000000e+00 0.000000000000000000e+00
9.954384111644585253e-01 9.540633929869830887e-02 0.000000000000000000e+00 -7.755265416975912096e+00 -9.540633929869830887e-02 9.954384111644585253e-01 0.000000000000000000e+00 1.047297963885906125e+00 0.000000000000000000e+00 0.000000000000000000e+00 1.000000000000000000e+00 0.000000000000000000e+00
9.918625136261004505e-01 1.273136051775837219e-01 0.000000000000000000e+00 -7.960739516631564427e+00 -1.273136051775837219e-01 9.918625136261004505e-01 0.000000000000000000e+00 5.948704160641939964e-01 0.000000000000000000e+00 0.000000000000000000e+00 1.000000000000000000e+00 0.000000000000000000e+00
9.757867681477664368e-01 2.187239884140218249e-01 0.000000000000000000e+00 -7.944156956515091572e+00 -2.187239884140218249e-01 9.757867681477664368e-01 0.000000000000000000e+00 1.395809565266477037e-01 0.000000000000000000e+00 0.000000000000000000e+00 1.000000000000000000e+00 0.000000000000000000e+00
9.987090952228121488e-01 -5.079510920582704786e-02 0.000000000000000000e+00 -8.323129280062588009e+00 5.079510920582704786e-02 9.987090952228121488e-01 0.000000000000000000e+00 -3.728459414265599126e-01 0.000000000000000000e+00 0.000000000000000000e+00 1.000000000000000000e+00 0.000000000000000000e+00
9.986811039069458662e-01 5.134250382679143854e-02 0.000000000000000000e+00 -8.148865812578108603e+00 -5.134250382679143854e-02 9.986811039069458662e-01 0.000000000000000000e+00 -9.626151471308602714e-01 0.000000000000000000e+00 0.000000000000000000e+00 1.000000000000000000e+00 0.000000000000000000e+00
9.968023567106218952e-01 -7.990658080627774384e-02 0.000000000000000000e+00 -8.138102276724161754e+00 7.990658080627774384e-02 9.968023567106218952e-01 0.000000000000000000e+00 -1.294630799486622408e+00 0.000000000000000000e+00 0.000000000000000000e+00 1.000000000000000000e+00 0.000000000000000000e+00
9.930026431469151094e-01 -1.180921280324829514e-01 0.000000000000000000e+00 -8.180565535803724586e+00 1.180921280324829514e-01 9.930026431469151094e-01 0.000000000000000000e+00 -1.828294425704875437e+00 0.000000000000000000e+00 0.000000000000000000e+00 1.000000000000000000e+00 0.000000000000000000e+00
9.979459897139489888e-01 -6.406092111300562553e-02 0.000000000000000000e+00 -8.106784090578928570e+00 6.406092111300562553e-02 9.979459897139489888e-01 0.000000000000000000e+00 -2.306728864499855813e+00 0.000000000000000000e+00 0.000000000000000000e+00 1.000000000000000000e+00 0.000000000000000000e+00
9.728069046718120783e-01 -2.316176293438131917e-01 0.000000000000000000e+00 -8.101884963278564555e+00 2.316176293438131917e-01 9.728069046718120783e-01 0.000000000000000000e+00 -2.700952026656695981e+00 0.000000000000000000e+00 0.000000000000000000e+00 1.000000000000000000e+00 0.000000000000000000e+00
9.825216005153665222e-01 -1.861486086994004752e-01 0.000000000000000000e+00 -7.976839212874282659e+00 1.861486086994004752e-01 9.825216005153665222e-01 0.000000000000000000e+00 -3.112100783206495080e+00 0.000000000000000000e+00 0.000000000000000000e+00 1.000000000000000000e+00 0.000000000000000000e+00
9.717337843494148197e-01 -2.360793348727604768e-01 0.000000000000000000e+00 -7.944725513437353115e+00 2.360793348727604768e-01 9.717337843494148197e-01 0.000000000000000000e+00 -3.636163811200981311e+00 0.000000000000000000e+00 0.000000000000000000e+00 1.000000000000000000e+00 0.000000000000000000e+00
9.483532405337651294e-01 -3.172162214785155254e-01 0.000000000000000000e+00 -8.086103040504438511e+00 3.172162214785155254e-01 9.483532405337651294e-01 0.000000000000000000e+00 -3.758269052195919002e+00 0.000000000000000000e+00 0.000000000000000000e+00 1.000000000000000000e+00 0.000000000000000000e+00
9.071019666423730810e-01 -4.209109432095333725e-01 0.000000000000000000e+00 -7.954209765265297882e+00 4.209109432095333725e-01 9.071019666423730810e-01 0.000000000000000000e+00 -4.151638751854767051e+00 0.000000000000000000e+00 0.000000000000000000e+00 1.000000000000000000e+00 0.000000000000000000e+00
8.288460698200985632e-01 -5.594767131380682379e-01 0.000000000000000000e+00 -7.645153244839367090e+00 5.594767131380682379e-01 8.288460698200985632e-01 0.000000000000000000e+00 -4.389875984713994761e+00 0.000000000000000000e+00 0.000000000000000000e+00 1.000000000000000000e+00 0.000000000000000000e+00
7.160921665694871541e-01 -6.980057370665501137e-01 0.000000000000000000e+00 -7.422900529809467685e+00 6.980057370665501137e-01 7.160921665694871541e-01 0.000000000000000000e+00 -4.680723099141144594e+00 0.000000000000000000e+00 0.000000000000000000e+00 1.000000000000000000e+00 0.000000000000000000e+00
5.746869202338689142e-01 -8.183733522739549127e-01 0.000000000000000000e+00 -7.158724802672415066e+00 8.183733522739549127e-01 5.746869202338689142e-01 0.000000000000000000e+00 -4.957892900597758334e+00 0.000000000000000000e+00 0.000000000000000000e+00 1.000000000000000000e+00 0.000000000000000000e+00
3.307959023374003604e-01 -9.437023211780212195e-01 0.000000000000000000e+00 -6.825720830648505100e+00 9.437023211780212195e-01 3.307959023374003604e-01 0.000000000000000000e+00 -5.182136091449635273e+00 0.000000000000000000e+00 0.000000000000000000e+00 1.000000000000000000e+00 0.000000000000000000e+00
1.992196614762472284e-01 -9.799548594100084831e-01 0.000000000000000000e+00 -6.471929444678398369e+00 9.799548594100084831e-01 1.992196614762472284e-01 0.000000000000000000e+00 -5.379250456666873070e+00 0.000000000000000000e+00 0.000000000000000000e+00 1.000000000000000000e+00 0.000000000000000000e+00
1.582549510755440134e-02 -9.998747690109001107e-01 0.000000000000000000e+00 -6.174226450549253897e+00 9.998747690109001107e-01 1.582549510755440134e-02 0.000000000000000000e+00 -5.590107975143791208e+00 0.000000000000000000e+00 0.000000000000000000e+00 1.000000000000000000e+00 0.000000000000000000e+00
-9.860857818652347950e-02 -9.951262976667998306e-01 0.000000000000000000e+00 -5.862222985051163349e+00 9.951262976667998306e-01 -9.860857818652347950e-02 0.000000000000000000e+00 -5.536113095525887928e+00 0.000000000000000000e+00 0.000000000000000000e+00 1.000000000000000000e+00 0.000000000000000000e+00
-6.550932912105199291e-02 -9.978519568543771090e-01 0.000000000000000000e+00 -5.521433814412596952e+00 9.978519568543771090e-01 -6.550932912105199291e-02 0.000000000000000000e+00 -5.380174863824969123e+00 0.000000000000000000e+00 0.000000000000000000e+00 1.000000000000000000e+00 0.000000000000000000e+00
-3.353707246696860378e-01 -9.420862365168751751e-01 0.000000000000000000e+00 -5.019785308851050232e+00 9.420862365168751751e-01 -3.353707246696860378e-01 0.000000000000000000e+00 -5.384883457662021478e+00 0.000000000000000000e+00 0.000000000000000000e+00 1.000000000000000000e+00 0.000000000000000000e+00
-5.306352749462148743e-01 -8.476002624956854303e-01 0.000000000000000000e+00 -4.690708834541531758e+00 8.476002624956854303e-01 -5.306352749462148743e-01 0.000000000000000000e+00 -5.165023648933470213e+00 0.000000000000000000e+00 0.000000000000000000e+00 1.000000000000000000e+00 0.000000000000000000e+00
-7.145352363643326932e-01 -6.995994539690316705e-01 0.000000000000000000e+00 -4.453060489467732808e+00 6.995994539690316705e-01 -7.145352363643326932e-01 0.000000000000000000e+00 -4.993037612124911817e+00 0.000000000000000000e+00 0.000000000000000000e+00 1.000000000000000000e+00 0.000000000000000000e+00
-8.341564646025009244e-01 -5.515278710653311878e-01 0.000000000000000000e+00 -4.279306144697105019e+00 5.515278710653311878e-01 -8.341564646025009244e-01 0.000000000000000000e+00 -4.585228949630972828e+00 0.000000000000000000e+00 0.000000000000000000e+00 1.000000000000000000e+00 0.000000000000000000e+00
-8.176004343643541450e-01 -5.757860103608105629e-01 0.000000000000000000e+00 -4.211509962319892608e+00 5.757860103608105629e-01 -8.176004343643541450e-01 0.000000000000000000e+00 -4.231748460787155608e+00 0.000000000000000000e+00 0.000000000000000000e+00 1.000000000000000000e+00 0.000000000000000000e+00
-8.953020024091330464e-01 -4.454596777287442300e-01 0.000000000000000000e+00 -4.004749364840321846e+00 4.454596777287442300e-01 -8.953020024091330464e-01 0.000000000000000000e+00 -3.917228844627038242e+00 0.000000000000000000e+00 0.000000000000000000e+00 1.000000000000000000e+00 0.000000000000000000e+00
-9.346674179950595907e-01 -3.555233012594934960e-01 0.000000000000000000e+00 -3.909472190880000753e+00 3.555233012594934960e-01 -9.346674179950595907e-01 0.000000000000000000e+00 -3.307929197128528731e+00 0.000000000000000000e+00 0.000000000000000000e+00 1.000000000000000000e+00 0.000000000000000000e+00
-9.877902841751138308e-01 -1.557894556420554855e-01 0.000000000000000000e+00 -3.947361684105665791e+00 1.557894556420554855e-01 -9.877902841751138308e-01 0.000000000000000000e+00 -3.000673320102282382e+00 0.000000000000000000e+00 0.000000000000000000e+00 1.000000000000000000e+00 0.000000000000000000e+00
-9.997799044028596871e-01 -2.097957940972019694e-02 0.000000000000000000e+00 -4.087825408144944994e+00 2.097957940972019694e-02 -9.997799044028596871e-01 0.000000000000000000e+00 -2.496451449861786465e+00 0.000000000000000000e+00 0.000000000000000000e+00 1.000000000000000000e+00 0.000000000000000000e+00
-9.941927171797910745e-01 1.076143164577280098e-01 0.000000000000000000e+00 -4.082296170982977479e+00 -1.076143164577280098e-01 -9.941927171797910745e-01 0.000000000000000000e+00 -2.121938122329119825e+00 0.000000000000000000e+00 0.000000000000000000e+00 1.000000000000000000e+00 0.000000000000000000e+00
-9.794626919318404346e-01 2.016254823022936571e-01 0.000000000000000000e+00 -4.056103846410518798e+00 -2.016254823022936571e-01 -9.794626919318404346e-01 0.000000000000000000e+00 -2.217251518803859067e+00 0.000000000000000000e+00 0.000000000000000000e+00 1.000000000000000000e+00 0.000000000000000000e+00
-8.859579167151252488e-01 4.637656410405962548e-01 0.000000000000000000e+00 -4.081935425385785798e+00 -4.637656410405962548e-01 -8.859579167151252488e-01 0.000000000000000000e+00 -1.696345270674719519e+00 0.000000000000000000e+00 0.000000000000000000e+00 1.000000000000000000e+00 0.000000000000000000e+00
-9.278996500047526075e-01 3.728300410657081621e-01 0.000000000000000000e+00 -4.272398759995875039e+00 -3.728300410657081621e-01 -9.278996500047526075e-01 0.000000000000000000e+00 -1.292861595239615635e+00 0.000000000000000000e+00 0.000000000000000000e+00 1.000000000000000000e+00 0.000000000000000000e+00
-9.532522217936086895e-01 3.021757793827108962e-01 0.000000000000000000e+00 -4.310862811867200328e+00 -3.021757793827108962e-01 -9.532522217936086895e-01 0.000000000000000000e+00 -9.349216573337278957e-01 0.000000000000000000e+00 0.000000000000000000e+00 1.000000000000000000e+00 0.000000000000000000e+00
-9.072761466387231355e-01 4.205353656238557947e-01 0.000000000000000000e+00 -4.518754045028028798e+00 -4.205353656238557947e-01 -9.072761466387231355e-01 0.000000000000000000e+00 -5.017712520445583024e-01 0.000000000000000000e+00 0.000000000000000000e+00 1.000000000000000000e+00 0.000000000000000000e+00
-9.743922243529306026e-01 2.248550491328760170e-01 0.000000000000000000e+00 -4.660577754836690012e+00 -2.248550491328760170e-01 -9.743922243529306026e-01 0.000000000000000000e+00 -1.151253381650656493e-01 0.000000000000000000e+00 0.000000000000000000e+00 1.000000000000000000e+00 0.000000000000000000e+00
-9.860691664708557402e-01 1.663358017249195464e-01 0.000000000000000000e+00 -4.604546175632361127e+00 -1.663358017249195464e-01 -9.860691664708557402e-01 0.000000000000000000e+00 2.946849321631909158e-01 0.000000000000000000e+00 0.000000000000000000e+00 1.000000000000000000e+00 0.000000000000000000e+00
-9.802964387425558979e-01 1.975320029480345241e-01 0.000000000000000000e+00 -4.744503010986089286e+00 -1.975320029480345241e-01 -9.802964387425558979e-01 0.000000000000000000e+00 6.715437984605843180e-01 0.000000000000000000e+00 0.000000000000000000e+00 1.000000000000000000e+00 0.000000000000000000e+00
-9.916674420369095966e-01 1.288242384179796585e-01 0.000000000000000000e+00 -4.833232055091564838e+00 -1.288242384179796585e-01 -9.916674420369095966e-01 0.000000000000000000e+00 1.139889552432908015e+00 0.000000000000000000e+00 0.000000000000000000e+00 1.000000000000000000e+00 0.000000000000000000e+00
-9.864137250234236154e-01 1.642801360037594027e-01 0.000000000000000000e+00 -5.126986797553323427e+00 -1.642801360037594027e-01 -9.864137250234236154e-01 0.000000000000000000e+00 1.661768473402515323e+00 0.000000000000000000e+00 0.000000000000000000e+00 1.000000000000000000e+00 0.000000000000000000e+00
-9.684427837483028378e-01 2.492359817639460129e-01 0.000000000000000000e+00 -5.232198826567902472e+00 -2.492359817639460129e-01 -9.684427837483028378e-01 0.000000000000000000e+00 2.009244365762025808e+00 0.000000000000000000e+00 0.000000000000000000e+00 1.000000000000000000e+00 0.000000000000000000e+00
-9.839543183639428703e-01 1.784205688056973715e-01 0.000000000000000000e+00 -5.258723424779675248e+00 -1.784205688056973715e-01 -9.839543183639428703e-01 0.000000000000000000e+00 2.470989869707129305e+00 0.000000000000000000e+00 0.000000000000000000e+00 1.000000000000000000e+00 0.000000000000000000e+00
-9.859503051480337232e-01 1.670389049847348373e-01 0.000000000000000000e+00 -5.349244309418728527e+00 -1.670389049847348373e-01 -9.859503051480337232e-01 0.000000000000000000e+00 2.964315842123595335e+00 0.000000000000000000e+00 0.000000000000000000e+00 1.000000000000000000e+00 0.000000000000000000e+00
-9.788969659567640091e-01 2.043544226109188788e-01 0.000000000000000000e+00 -5.503598347794489420e+00 -2.043544226109188788e-01 -9.788969659567640091e-01 0.000000000000000000e+00 3.355971406058707807e+00 0.000000000000000000e+00 0.000000000000000000e+00 1.000000000000000000e+00 0.000000000000000000e+00
-9.455629405157262024e-01 3.254392808547446059e-01 0.000000000000000000e+00 -5.561751300025806088e+00 -3.254392808547446059e-01 -9.455629405157262024e-01 0.000000000000000000e+00 3.870850936608849491e+00 0.000000000000000000e+00 0.000000000000000000e+00 1.000000000000000000e+00 0.000000000000000000e+00
-9.822726484116002243e-01 1.874578464147628465e-01 0.000000000000000000e+00 -5.894583016421342414e+00 -1.874578464147628465e-01 -9.822726484116002243e-01 0.000000000000000000e+00 4.362405174005067110e+00 0.000000000000000000e+00 0.000000000000000000e+00 1.000000000000000000e+00 0.000000000000000000e+00
-9.918891949396887453e-01 1.271055662113042273e-01 0.000000000000000000e+00 -5.877924745832037168e+00 -1.271055662113042273e-01 -9.918891949396887453e-01 0.000000000000000000e+00 4.893718597278144067e+00 0.000000000000000000e+00 0.000000000000000000e+00 1.000000000000000000e+00 0.000000000000000000e+00
-9.999891002511748228e-01 4.668980493189636358e-03 0.000000000000000000e+00 -5.960438409719816200e+00 -4.668980493189636358e-03 -9.999891002511748228e-01 0.000000000000000000e+00 5.475178258986481694e+00 0.000000000000000000e+00 0.000000000000000000e+00 1.000000000000000000e+00 0.000000000000000000e+00
-9.922357135339705536e-01 -1.243715754814272156e-01 0.000000000000000000e+00 -5.978606676248048757e+00 1.243715754814272156e-01 -9.922357135339705536e-01 0.000000000000000000e+00 6.054081515524488921e+00 0.000000000000000000e+00 0.000000000000000000e+00 1.000000000000000000e+00 0.000000000000000000e+00
-9.799497982483449388e-01 -1.992445555417462766e-01 0.000000000000000000e+00 -5.931335618797340281e+00 1.992445555417462766e-01 -9.799497982483449388e-01 0.000000000000000000e+00 6.544878588699273969e+00 0.000000000000000000e+00 0.000000000000000000e+00 1.000000000000000000e+00 0.000000000000000000e+00
-9.949527509297548811e-01 -1.003445236039967048e-01 0.000000000000000000e+00 -6.047004596015185918e+00 1.003445236039967048e-01 -9.949527509297548811e-01 0.000000000000000000e+00 6.428526163661626214e+00 0.000000000000000000e+00 0.000000000000000000e+00 1.000000000000000000e+00 0.000000000000000000e+00
-9.996399320488048579e-01 -2.683293225610677152e-02 0.000000000000000000e+00 -6.042139839001513302e+00 2.683293225610677152e-02 -9.996399320488048579e-01 0.000000000000000000e+00 6.837387112805196843e+00 0.000000000000000000e+00 0.000000000000000000e+00 1.000000000000000000e+00 0.000000000000000000e+00
-9.828320132693278977e-01 1.845026658153200161e-01 0.000000000000000000e+00 -6.022428098045309319e+00 -1.845026658153200161e-01 -9.828320132693278977e-01 0.000000000000000000e+00 7.307257687922764866e+00 0.000000000000000000e+00 0.000000000000000000e+00 1.000000000000000000e+00 0.000000000000000000e+00
-8.915698235288063156e-01 4.528832628534787408e-01 0.000000000000000000e+00 -6.195703058609486114e+00 -4.528832628534787408e-01 -8.915698235288063156e-01 0.000000000000000000e+00 7.724194204409963405e+00 0.000000000000000000e+00 0.000000000000000000e+00 1.000000000000000000e+00 0.000000000000000000e+00
-8.056061772835074741e-01 5.924514217407650385e-01 0.000000000000000000e+00 -6.436873332945586057e+00 -5.924514217407650385e-01 -8.056061772835074741e-01 0.000000000000000000e+00 8.174527887473937326e+00 0.000000000000000000e+00 0.000000000000000000e+00 1.000000000000000000e+00 0.000000000000000000e+00
-6.058010034646080788e-01 7.956162040841512351e-01 0.000000000000000000e+00 -6.826714647845876449e+00 -7.956162040841512351e-01 -6.058010034646080788e-01 0.000000000000000000e+00 8.414876099999812453e+00 0.000000000000000000e+00 0.000000000000000000e+00 1.000000000000000000e+00 0.000000000000000000e+00
-5.248885971400250039e-01 8.511709350021160470e-01 0.000000000000000000e+00 -7.204117569701682378e+00 -8.511709350021160470e-01 -5.248885971400250039e-01 0.000000000000000000e+00 8.686037121688457319e+00 0.000000000000000000e+00 0.000000000000000000e+00 1.000000000000000000e+00 0.000000000000000000e+00
-6.024578231967383513e-01 7.981507196445088992e-01 0.000000000000000000e+00 -7.652782536279596926e+00 -7.981507196445088992e-01 -6.024578231967383513e-01 0.000000000000000000e+00 8.974661102479558394e+00 0.000000000000000000e+00 0.000000000000000000e+00 1.000000000000000000e+00 0.000000000000000000e+00
-4.000546072521536933e-01 9.164913044957518906e-01 0.000000000000000000e+00 -8.043455735937401485e+00 -9.164913044957518906e-01 -4.000546072521536933e-01 0.000000000000000000e+00 9.314521567429473237e+00 0.000000000000000000e+00 0.000000000000000000e+00 1.000000000000000000e+00 0.000000000000000000e+00
-5.105136442527957730e-01 8.598696523495464872e-01 0.000000000000000000e+00 -8.547575907870404777e+00 -8.598696523495464872e-01 -5.105136442527957730e-01 0.000000000000000000e+00 9.398529906863336336e+00 0.000000000000000000e+00 0.000000000000000000e+00 1.000000000000000000e+00 0.000000000000000000e+00
-3.751482694746863800e-01 9.269648191329313835e-01 0.000000000000000000e+00 -8.801937565416766418e+00 -9.269648191329313835e-01 -3.751482694746863800e-01 0.000000000000000000e+00 9.506515677242738604e+00 0.000000000000000000e+00 0.000000000000000000e+00 1.000000000000000000e+00 0.000000000000000000e+00
-1.601635847363374610e-01 9.870904852770114868e-01 0.000000000000000000e+00 -9.240611199061492087e+00 -9.870904852770114868e-01 -1.601635847363374610e-01 0.000000000000000000e+00 9.467197466115566229e+00 0.000000000000000000e+00 0.000000000000000000e+00 1.000000000000000000e+00 0.000000000000000000e+00
-1.446884743335532519e-01 9.894772586548054027e-01 0.000000000000000000e+00 -9.524537189232665568e+00 -9.894772586548054027e-01 -1.446884743335532519e-01 0.000000000000000000e+00 9.472547835691310425e+00 0.000000000000000000e+00 0.000000000000000000e+00 1.000000000000000000e+00 0.000000000000000000e+00
3.927307813660572966e-02 9.992285150723412279e-01 0.000000000000000000e+00 -9.896807336461224125e+00 -9.992285150723412279e-01 3.927307813660572966e-02 0.000000000000000000e+00 9.583000629876925913e+00 0.000000000000000000e+00 0.000000000000000000e+00 1.000000000000000000e+00 0.000000000000000000e+00
4.835723495000539274e-02 9.988301045863555716e-01 0.000000000000000000e+00 -1.025898115684289813e+01 -9.988301045863555716e-01 4.835723495000539274e-02 0.000000000000000000e+00 9.528801095889534167e+00 0.000000000000000000e+00 0.000000000000000000e+00 1.000000000000000000e+00 0.000000000000000000e+00
2.870311542159707519e-01 9.579212475508869229e-01 0.000000000000000000e+00 -1.058725712911696526e+01 -9.579212475508869229e-01 2.870311542159707519e-01 0.000000000000000000e+00 9.369589545524119600e+00 0.000000000000000000e+00 0.000000000000000000e+00 1.000000000000000000e+00 0.000000000000000000e+00
5.947410309546025120e-01 8.039173502910959002e-01 0.000000000000000000e+00 -1.108708231903178287e+01 -8.039173502910959002e-01 5.947410309546025120e-01 0.000000000000000000e+00 9.263736052280298949e+00 0.000000000000000000e+00 0.000000000000000000e+00 1.000000000000000000e+00 0.000000000000000000e+00
6.896168646524195589e-01 7.241744126845178764e-01 0.000000000000000000e+00 -1.144596191178500888e+01 -7.241744126845178764e-01 6.896168646524195589e-01 0.000000000000000000e+00 8.958278001354759823e+00 0.000000000000000000e+00 0.000000000000000000e+00 1.000000000000000000e+00 0.000000000000000000e+00
7.786105557457622117e-01 6.275074521320646026e-01 0.000000000000000000e+00 -1.179610879918980437e+01 -6.275074521320646026e-01 7.786105557457622117e-01 0.000000000000000000e+00 8.648339079442772359e+00 0.000000000000000000e+00 0.000000000000000000e+00 1.000000000000000000e+00 0.000000000000000000e+00
8.479986857115644483e-01 5.299983292723282613e-01 0.000000000000000000e+00 -1.202900905150285560e+01 -5.299983292723282613e-01 8.479986857115644483e-01 0.000000000000000000e+00 8.137655503784833044e+00 0.000000000000000000e+00 0.000000000000000000e+00 1.000000000000000000e+00 0.000000000000000000e+00
8.808687291918781970e-01 4.733606256670336854e-01 0.000000000000000000e+00 -1.216048963500864843e+01 -4.733606256670336854e-01 8.808687291918781970e-01 0.000000000000000000e+00 8.271682855555692271e+00 0.000000000000000000e+00 0.000000000000000000e+00 1.000000000000000000e+00 0.000000000000000000e+00
8.961687463589567137e-01 4.437133962924896258e-01 0.000000000000000000e+00 -1.251145674853449563e+01 -4.437133962924896258e-01 8.961687463589567137e-01 0.000000000000000000e+00 7.729131887642876286e+00 0.000000000000000000e+00 0.000000000000000000e+00 1.000000000000000000e+00 0.000000000000000000e+00
9.235594704531098209e-01 3.834552184237051131e-01 0.000000000000000000e+00 -1.289464498909566892e+01 -3.834552184237051131e-01 9.235594704531098209e-01 0.000000000000000000e+00 7.316293116020411880e+00 0.000000000000000000e+00 0.000000000000000000e+00 1.000000000000000000e+00 0.000000000000000000e+00
9.543993867498815620e-01 2.985327629782868475e-01 0.000000000000000000e+00 -1.305572668463135955e+01 -2.985327629782868475e-01 9.543993867498815620e-01 0.000000000000000000e+00 6.743998838810829177e+00 0.000000000000000000e+00 0.000000000000000000e+00 1.000000000000000000e+00 0.000000000000000000e+00
9.875355936261286383e-01 1.573958427706704521e-01 0.000000000000000000e+00 -1.317834203433553952e+01 -1.573958427706704521e-01 9.875355936261286383e-01 0.000000000000000000e+00 6.159468014963665361e+00 0.000000000000000000e+00 0.000000000000000000e+00 1.000000000000000000e+00 0.000000000000000000e+00
9.722637245526174476e-01 2.338872589926011547e-01 0.000000000000000000e+00 -1.323684928115340931e+01 -2.338872589926011547e-01 9.722637245526174476e-01 0.000000000000000000e+00 5.644688520372815432e+00 0.000000000000000000e+00 0.000000000000000000e+00 1.000000000000000000e+00 0.000000000000000000e+00
9.531832720085516852e-01 3.023932042276600285e-01 0.000000000000000000e+00 -1.343181722432989567e+01 -3.023932042276600285e-01 9.531832720085516852e-01 0.000000000000000000e+00 5.083242467246139817e+00 0.000000000000000000e+00 0.000000000000000000e+00 1.000000000000000000e+00 0.000000000000000000e+00
9.167801969719949762e-01 3.993921261617334739e-01 0.000000000000000000e+00 -1.369662491228406154e+01 -3.993921261617334739e-01 9.167801969719949762e-01 0.000000000000000000e+00 4.587943303617510793e+00 0.000000000000000000e+00 0.000000000000000000e+00 1.000000000000000000e+00 0.000000000000000000e+00
9.110490568873224060e-01 4.122979698527757808e-01 0.000000000000000000e+00 -1.374622417027178933e+01 -4.122979698527757808e-01 9.110490568873224060e-01 0.000000000000000000e+00 4.038041868120964217e+00 0.000000000000000000e+00 0.000000000000000000e+00 1.000000000000000000e+00 0.000000000000000000e+00
9.433524175662194589e-01 3.317924294976741795e-01 0.000000000000000000e+00 -1.422221342785929288e+01 -3.317924294976741795e-01 9.433524175662194589e-01 0.000000000000000000e+00 3.691481260657017760e+00 0.000000000000000000e+00 0.000000000000000000e+00 1.000000000000000000e+00 0.000000000000000000e+00
9.522845589149967482e-01 3.052115968505622057e-01 0.000000000000000000e+00 -1.438911440811440379e+01 -3.052115968505622057e-01 9.522845589149967482e-01 0.000000000000000000e+00 3.143037533800320027e+00 0.000000000000000000e+00 0.000000000000000000e+00 1.000000000000000000e+00 0.000000000000000000e+00
9.749454380276947330e-01 2.224441342651821141e-01 0.000000000000000000e+00 -1.436823113536444119e+01 -2.224441342651821141e-01 9.749454380276947330e-01 0.000000000000000000e+00 2.686149248076636908e+00 0.000000000000000000e+00 0.000000000000000000e+00 1.000000000000000000e+00 0.000000000000000000e+00
9.895589246574091336e-01 1.441288820149246586e-01 0.000000000000000000e+00 -1.456921387058389783e+01 -1.441288820149246586e-01 9.895589246574091336e-01 0.000000000000000000e+00 2.215444327346831166e+00 0.000000000000000000e+00 0.000000000000000000e+00 1.000000000000000000e+00 0.000000000000000000e+00
9.613357317905442123e-01 2.753790311239018296e-01 0.000000000000000000e+00 -1.470310459555789961e+01 -2.753790311239018296e-01 9.613357317905442123e-01 0.000000000000000000e+00 1.543601355705498168e+00 0.000000000000000000e+00 0.000000000000000000e+00 1.000000000000000000e+00 0.000000000000000000e+00
9.495126143764593962e-01 3.137288560843281560e-01 0.000000000000000000e+00 -1.471599162561050989e+01 -3.137288560843281560e-01 9.495126143764593962e-01 0.000000000000000000e+00 1.071105774035067570e+00 0.000000000000000000e+00 0.000000000000000000e+00 1.000000000000000000e+00 0.000000000000000000e+00
9.721903040748480773e-01 2.341922557704554098e-01 0.000000000000000000e+00 -1.482687784263659125e+01 -2.341922557704554098e-01 9.721903040748480773e-01 0.000000000000000000e+00 2.636542565367581137e-01 0.000000000000000000e+00 0.000000000000000000e+00 1.000000000000000000e+00 0.000000000000000000e+00
9.883633783884580026e-01 1.521112496186713958e-01 0.000000000000000000e+00 -1.488382598275900826e+01 -1.521112496186713958e-01 9.883633783884580026e-01 0.000000000000000000e+00 -2.475014808014727175e-01 0.000000000000000000e+00 0.000000000000000000e+00 1.000000000000000000e+00 0.000000000000000000e+00
9.771322311225751900e-01 2.126325537198344162e-01 0.000000000000000000e+00 -1.503572549600910691e+01 -2.126325537198344162e-01 9.771322311225751900e-01 0.000000000000000000e+00 -8.230947211921690876e-01 0.000000000000000000e+00 0.000000000000000000e+00 1.000000000000000000e+00 0.000000000000000000e+00
9.619610202922725950e-01 2.731867409634842758e-01 0.000000000000000000e+00 -1.518460697591646635e+01 -2.731867409634842758e-01 9.619610202922725950e-01 0.000000000000000000e+00 -1.303405521257887667e+00 0.000000000000000000e+00 0.000000000000000000e+00 1.000000000000000000e+00 0.000000000000000000e+00
9.305391968507665812e-01 3.661923034750051986e-01 0.000000000000000000e+00 -1.542751113941536900e+01 -3.661923034750051986e-01 9.305391968507665812e-01 0.000000000000000000e+00 -2.020234264401850499e+00 0.000000000000000000e+00 0.000000000000000000e+00 1.000000000000000000e+00 0.000000000000000000e+00
9.781321882919012944e-01 2.079841874453356720e-01 0.000000000000000000e+00 -1.556825843626843664e+01 -2.079841874453356720e-01 9.781321882919012944e-01 0.000000000000000000e+00 -1.980232140064155599e+00 0.000000000000000000e+00 0.000000000000000000e+00 1.000000000000000000e+00 0.000000000000000000e+00
9.967101414015619998e-01 8.104871391501702882e-02 0.000000000000000000e+00 -1.556705518328707782e+01 -8.104871391501702882e-02 9.967101414015619998e-01 0.000000000000000000e+00 -2.436001438287123566e+00 0.000000000000000000e+00 0.000000000000000000e+00 1.000000000000000000e+00 0.000000000000000000e+00
9.958779322229784903e-01 -9.070360583397221732e-02 0.000000000000000000e+00 -1.565238988640695794e+01 9.070360583397221732e-02 9.958779322229784903e-01 0.000000000000000000e+00 -2.878571114120635155e+00 0.000000000000000000e+00 0.000000000000000000e+00 1.000000000000000000e+00 0.000000000000000000e+00
9.399777655372574259e-01 -3.412356961040048375e-01 0.000000000000000000e+00 -1.557007036862007787e+01 3.412356961040048375e-01 9.399777655372574259e-01 0.000000000000000000e+00 -3.434725778144084973e+00 0.000000000000000000e+00 0.000000000000000000e+00 1.000000000000000000e+00 0.000000000000000000e+00
8.141866790479468374e-01 -5.806031791687638055e-01 0.000000000000000000e+00 -1.544555621260288447e+01 5.806031791687638055e-01 8.141866790479468374e-01 0.000000000000000000e+00 -3.845366041480882568e+00 0.000000000000000000e+00 0.000000000000000000e+00 1.000000000000000000e+00 0.000000000000000000e+00
7.415388163439718960e-01 -6.709099670262629322e-01 0.000000000000000000e+00 -1.521123825411989117e+01 6.709099670262629322e-01 7.415388163439718960e-01 0.000000000000000000e+00 -3.980182844154557920e+00 0.000000000000000000e+00 0.000000000000000000e+00 1.000000000000000000e+00 0.000000000000000000e+00
5.600229496249683470e-01 -8.284770943685468847e-01 0.000000000000000000e+00 -1.493383418763215076e+01 8.284770943685468847e-01 5.600229496249683470e-01 0.000000000000000000e+00 -4.165093018490052756e+00 0.000000000000000000e+00 0.000000000000000000e+00 1.000000000000000000e+00 0.000000000000000000e+00
4.850075085703052236e-01 -8.745099865812998585e-01 0.000000000000000000e+00 -1.466733666335826491e+01 8.745099865812998585e-01 4.850075085703052236e-01 0.000000000000000000e+00 -4.355980124704264433e+00 0.000000000000000000e+00 0.000000000000000000e+00 1.000000000000000000e+00 0.000000000000000000e+00
4.325209603990860519e-01 -9.016238787961708967e-01 0.000000000000000000e+00 -1.419447426213918106e+01 9.016238787961708967e-01 4.325209603990860519e-01 0.000000000000000000e+00 -4.613142633641022172e+00 0.000000000000000000e+00 0.000000000000000000e+00 1.000000000000000000e+00 0.000000000000000000e+00
4.269706148663078293e-01 -9.042654997514208981e-01 0.000000000000000000e+00 -1.368181856877958502e+01 9.042654997514208981e-01 4.269706148663078293e-01 0.000000000000000000e+00 -4.960421456897170067e+00 0.000000000000000000e+00 0.000000000000000000e+00 1.000000000000000000e+00 0.000000000000000000e+00
3.483549634529761185e-01 -9.373626936451416869e-01 0.000000000000000000e+00 -1.340363069688018172e+01 9.373626936451416869e-01 3.483549634529761185e-01 0.000000000000000000e+00 -5.065317572358650544e+00 0.000000000000000000e+00 0.000000000000000000e+00 1.000000000000000000e+00 0.000000000000000000e+00
2.050936393591521190e-01 -9.787423558293664172e-01 0.000000000000000000e+00 -1.293487729868606628e+01 9.787423558293664172e-01 2.050936393591521190e-01 0.000000000000000000e+00 -5.017256525179049298e+00 0.000000000000000000e+00 0.000000000000000000e+00 1.000000000000000000e+00 0.000000000000000000e+00
2.010543968925477057e-02 -9.997978652182158976e-01 0.000000000000000000e+00 -1.245309980629273205e+01 9.997978652182158976e-01 2.010543968925477057e-02 0.000000000000000000e+00 -5.054112169570120550e+00 0.000000000000000000e+00 0.000000000000000000e+00 1.000000000000000000e+00 0.000000000000000000e+00
-1.973564916639583278e-01 -9.803317883237766539e-01 0.000000000000000000e+00 -1.185675288285090367e+01 9.803317883237766539e-01 -1.973564916639583278e-01 0.000000000000000000e+00 -5.000991152772471082e+00 0.000000000000000000e+00 0.000000000000000000e+00 1.000000000000000000e+00 0.000000000000000000e+00
-4.282371727127743943e-01 -9.036663786525254149e-01 0.000000000000000000e+00 -1.144758339509349021e+01 9.036663786525254149e-01 -4.282371727127743943e-01 0.000000000000000000e+00 -4.859584067983644395e+00 0.000000000000000000e+00 0.000000000000000000e+00 1.000000000000000000e+00 0.000000000000000000e+00
-5.723785580256152139e-01 -8.199895037819188159e-01 0.000000000000000000e+00 -1.103374732276421533e+01 8.199895037819188159e-01 -5.723785580256152139e-01 0.000000000000000000e+00 -4.568840808856054814e+00 0.000000000000000000e+00 0.000000000000000000e+00 1.000000000000000000e+00 0.000000000000000000e+00
-7.307910842297008491e-01 -6.826011948498027504e-01 0.000000000000000000e+00 -1.061525198645215973e+01 6.826011948498027504e-01 -7.307910842297008491e-01 0.000000000000000000e+00 -4.182178841065240960e+00 0.000000000000000000e+00 0.000000000000000000e+00 1.000000000000000000e+00 0.000000000000000000e+00
-8.338554549311665287e-01 -5.519828623078232299e-01 0.000000000000000000e+00 -1.033246910333954283e+01 5.519828623078232299e-01 -8.338554549311665287e-01 0.000000000000000000e+00 -3.809181300377323165e+00 0.000000000000000000e+00 0.000000000000000000e+00 1.000000000000000000e+00 0.000000000000000000e+00
-9.119368468273053585e-01 -4.103305830652546060e-01 0.000000000000000000e+00 -1.008135295934010145e+01 4.103305830652546060e-01 -9.119368468273053585e-01 0.000000000000000000e+00 -3.337367478281459743e+00 0.000000000000000000e+00 0.000000000000000000e+00 1.000000000000000000e+00 0.000000000000000000e+00
9.200804073678390260e-01 3.917295546392070005e-01 0.000000000000000000e+00 -9.905140332850951523e+00 -3.917295546392070005e-01 9.200804073678390260e-01 0.000000000000000000e+00 -2.851077873099077564e+00 0.000000000000000000e+00 0.000000000000000000e+00 1.000000000000000000e+00 0.000000000000000000e+00
