1.000000000000000000e+00 -0.000000000000000000e+00 0.000000000000000000e+00 -8.000000000000000000e+00 0.000000000000000000e+00 1.000000000000000000e+00 0.000000000000000000e+00 5.000000000000000000e+00 0.000000000000000000e+00 0.000000000000000000e+00 1.000000000000000000e+00 0.000000000000000000e+00
9.992034103620017760e-01 -3.990670020115816286e-02 0.000000000000000000e+00 -8.023440000000000794e+00 3.990670020115816286e-02 9.992034103620017760e-01 0.000000000000000000e+00 4.535059999999999647e+00 0.000000000000000000e+00 0.000000000000000000e+00 1.000000000000000000e+00 0.000000000000000000e+00
9.958949524635780648e-01 -9.051653803348641558e-02 0.000000000000000000e+00 -8.028909999999999769e+00 9.051653803348641558e-02 9.958949524635780648e-01 0.000000000000000000e+00 4.070470000000000255e+00 0.000000000000000000e+00 0.000000000000000000e+00 1.000000000000000000e+00 0.000000000000000000e+00
9.913509790848140657e-01 -1.312373280266726228e-01 0.000000000000000000e+00 -7.965010000000000367e+00 1.312373280266726228e-01 9.913509790848140657e-01 0.000000000000000000e+00 3.608049999999999979e+00 0.000000000000000000e+00 0.000000000000000000e+00 1.000000000000000000e+00 0.000000000000000000e+00
9.867288164802134887e-01 -1.623768540388597359e-01 0.000000000000000000e+00 -7.882780000000000342e+00 1.623768540388597359e-01 9.867288164802134887e-01 0.000000000000000000e+00 3.147670000000000190e+00 0.000000000000000000e+00 0.000000000000000000e+00 1.000000000000000000e+00 0.000000000000000000e+00
9.970712574571668485e-01 -7.647815081959061234e-02 0.000000000000000000e+00 -7.563810000000000144e+00 7.647815081959061234e-02 9.970712574571668485e-01 0.000000000000000000e+00 2.603950000000000209e+00 0.000000000000000000e+00 0.000000000000000000e+00 1.000000000000000000e+00 0.000000000000000000e+00
9.983033079506868912e-01 -5.822804594622823376e-02 0.000000000000000000e+00 -7.686440000000000161e+00 5.822804594622823376e-02 9.983033079506868912e-01 0.000000000000000000e+00 2.208270000000000177e+00 0.000000000000000000e+00 0.000000000000000000e+00 1.000000000000000000e+00 0.000000000000000000e+00
9.972418707678512018e-01 -7.422028824678854331e-02 0.000000000000000000e+00 -7.623039999999999594e+00 7.422028824678854331e-02 9.972418707678512018e-01 0.000000000000000000e+00 1.801840000000000108e+00 0.000000000000000000e+00 0.000000000000000000e+00 1.000000000000000000e+00 0.000000000000000000e+00
9.998290001025913476e-01 -1.849244585911487271e-02 0.000000000000000000e+00 -7.470449999999999591e+00 1.849244585911487271e-02 9.998290001025913476e-01 0.000000000000000000e+00 1.490159999999999929e+00 0.000000000000000000e+00 0.000000000000000000e+00 1.000000000000000000e+00 0.000000000000000000e+00
9.978603126303728921e-01 -6.538192775694517955e-02 0.000000000000000000e+00 -7.447669999999999568e+00 6.538192775694517955e-02 9.978603126303728921e-01 0.000000000000000000e+00 9.765099999999999891e-01 0.000000000000000000e+00 0.000000000000000000e+00 1.000000000000000000e+00 0.000000000000000000e+00
9.984965434309681642e-01 -5.481471295563443424e-02 0.000000000000000000e+00 -7.600060000000000038e+00 5.481471295563443424e-02 9.984965434309681642e-01 0.000000000000000000e+00 5.240070000000000006e-01 0.000000000000000000e+00 0.000000000000000000e+00 1.000000000000000000e+00 0.000000000000000000e+00
9.989469955739190832e-01 4.587918955082539996e-02 0.000000000000000000e+00 -7.448430000000000106e+00 -4.587918955082539996e-02 9.989469955739190832e-01 0.000000000000000000e+00 1.384620000000000017e-01 0.000000000000000000e+00 0.000000000000000000e+00 1.000000000000000000e+00 0.000000000000000000e+00
9.792056761605758552e-01 -2.028700169441248202e-01 0.000000000000000000e+00 -7.679920000000000080e+00 2.028700169441248202e-01 9.792056761605758552e-01 0.000000000000000000e+00 -3.728389999999999760e-01 0.000000000000000000e+00 0.000000000000000000e+00 1.000000000000000000e+00 0.000000000000000000e+00
9.982552725657970472e-01 -5.904583638654194166e-02 0.000000000000000000e+00 -7.412209999999999965e+00 5.904583638654194166e-02 9.982552725657970472e-01 0.000000000000000000e+00 -9.327210000000000223e-01 0.000000000000000000e+00 0.000000000000000000e+00 1.000000000000000000e+00 0.000000000000000000e+00
9.893852003887536606e-01 -1.453166379039432521e-01 0.000000000000000000e+00 -7.359589999999999854e+00 1.453166379039432521e-01 9.893852003887536606e-01 0.000000000000000000e+00 -1.265209999999999946e+00 0.000000000000000000e+00 0.000000000000000000e+00 1.000000000000000000e+00 0.000000000000000000e+00
9.773639145122458016e-01 -2.115650694450749991e-01 0.000000000000000000e+00 -7.329030000000000378e+00 2.115650694450749991e-01 9.773639145122458016e-01 0.000000000000000000e+00 -1.818759999999999932e+00 0.000000000000000000e+00 0.000000000000000000e+00 1.000000000000000000e+00 0.000000000000000000e+00
9.851932124274728197e-01 -1.714477593520441767e-01 0.000000000000000000e+00 -7.172469999999999679e+00 1.714477593520441767e-01 9.851932124274728197e-01 0.000000000000000000e+00 -2.306319999999999926e+00 0.000000000000000000e+00 0.000000000000000000e+00 1.000000000000000000e+00 0.000000000000000000e+00
9.635352643990019450e-01 -2.675813787608276595e-01 0.000000000000000000e+00 -7.135410000000000252e+00 2.675813787608276595e-01 9.635352643990019450e-01 0.000000000000000000e+00 -2.720950000000000202e+00 0.000000000000000000e+00 0.000000000000000000e+00 1.000000000000000000e+00 0.000000000000000000e+00
9.870988724715705764e-01 -1.601118857716504473e-01 0.000000000000000000e+00 -7.005560000000000009e+00 1.601118857716504473e-01 9.870988724715705764e-01 0.000000000000000000e+00 -3.150419999999999998e+00 0.000000000000000000e+00 0.000000000000000000e+00 1.000000000000000000e+00 0.000000000000000000e+00
9.835086344008342474e-01 -1.808611789716252083e-01 0.000000000000000000e+00 -6.979350000000000165e+00 1.808611789716252083e-01 9.835086344008342474e-01 0.000000000000000000e+00 -3.689709999999999823e+00 0.000000000000000000e+00 0.000000000000000000e+00 1.000000000000000000e+00 0.000000000000000000e+00
9.729240253142443784e-01 -2.311251629882117853e-01 0.000000000000000000e+00 -7.119439999999999991e+00 2.311251629882117853e-01 9.729240253142443784e-01 0.000000000000000000e+00 -3.818200000000000038e+00 0.000000000000000000e+00 0.000000000000000000e+00 1.000000000000000000e+00 0.000000000000000000e+00
9.498301297612102845e-01 -3.127662459374452864e-01 0.000000000000000000e+00 -7.037110000000000198e+00 3.127662459374452864e-01 9.498301297612102845e-01 0.000000000000000000e+00 -4.249539999999999651e+00 0.000000000000000000e+00 0.000000000000000000e+00 1.000000000000000000e+00 0.000000000000000000e+00
8.950959388303658670e-01 -4.458735922763154003e-01 0.000000000000000000e+00 -6.771650000000000169e+00 4.458735922763154003e-01 8.950959388303658670e-01 0.000000000000000000e+00 -4.549789999999999779e+00 0.000000000000000000e+00 0.000000000000000000e+00 1.000000000000000000e+00 0.000000000000000000e+00
7.953018397075004575e-01 -6.062136453082075382e-01 0.000000000000000000e+00 -6.590119999999999756e+00 6.062136453082075382e-01 7.953018397075004575e-01 0.000000000000000000e+00 -4.894129999999999647e+00 0.000000000000000000e+00 0.000000000000000000e+00 1.000000000000000000e+00 0.000000000000000000e+00
6.570669865771560092e-01 -7.538321929649963726e-01 0.000000000000000000e+00 -6.362059999999999604e+00 7.538321929649963726e-01 6.570669865771560092e-01 0.000000000000000000e+00 -5.228069999999999773e+00 0.000000000000000000e+00 0.000000000000000000e+00 1.000000000000000000e+00 0.000000000000000000e+00
4.560630224582779002e-01 -8.899474813415790830e-01 0.000000000000000000e+00 -6.066340000000000288e+00 8.899474813415790830e-01 4.560630224582779002e-01 0.000000000000000000e+00 -5.424549999999999983e+00 0.000000000000000000e+00 0.000000000000000000e+00 1.000000000000000000e+00 0.000000000000000000e+00
3.761395417382470963e-01 -9.265630281534772417e-01 0.000000000000000000e+00 -5.754669999999999952e+00 9.265630281534772417e-01 3.761395417382470963e-01 0.000000000000000000e+00 -5.606620000000000381e+00 0.000000000000000000e+00 0.000000000000000000e+00 1.000000000000000000e+00 0.000000000000000000e+00
2.199237701571814529e-01 -9.755170604965610615e-01 0.000000000000000000e+00 -5.443749999999999645e+00 9.755170604965610615e-01 2.199237701571814529e-01 0.000000000000000000e+00 -5.855170000000000208e+00 0.000000000000000000e+00 0.000000000000000000e+00 1.000000000000000000e+00 0.000000000000000000e+00
1.324757466270642114e-01 -9.911862471582230105e-01 0.000000000000000000e+00 -5.070190000000000197e+00 9.911862471582230105e-01 1.324757466270642114e-01 0.000000000000000000e+00 -5.852619999999999933e+00 0.000000000000000000e+00 0.000000000000000000e+00 1.000000000000000000e+00 0.000000000000000000e+00
1.971954068991663145e-01 -9.803642034967781083e-01 0.000000000000000000e+00 -4.662279999999999980e+00 9.803642034967781083e-01 1.971954068991663145e-01 0.000000000000000000e+00 -5.794789999999999885e+00 0.000000000000000000e+00 0.000000000000000000e+00 1.000000000000000000e+00 0.000000000000000000e+00
-4.762565069946431140e-02 -9.988652548744763049e-01 0.000000000000000000e+00 -4.138829999999999565e+00 9.988652548744763049e-01 -4.762565069946431140e-02 0.000000000000000000e+00 -5.945979999999999599e+00 0.000000000000000000e+00 0.000000000000000000e+00 1.000000000000000000e+00 0.000000000000000000e+00
-2.355103673141594745e-01 -9.718718366572568490e-01 0.000000000000000000e+00 -3.729839999999999822e+00 9.718718366572568490e-01 -2.355103673141594745e-01 0.000000000000000000e+00 -5.806589999999999918e+00 0.000000000000000000e+00 0.000000000000000000e+00 1.000000000000000000e+00 0.000000000000000000e+00
-4.285738040110033675e-01 -9.035067761315008772e-01 0.000000000000000000e+00 -3.419740000000000002e+00 9.035067761315008772e-01 -4.285738040110033675e-01 0.000000000000000000e+00 -5.694079999999999586e+00 0.000000000000000000e+00 0.000000000000000000e+00 1.000000000000000000e+00 0.000000000000000000e+00
-6.463213675548805659e-01 -7.630653247540403195e-01 0.000000000000000000e+00 -3.046390000000000153e+00 7.630653247540403195e-01 -6.463213675548805659e-01 0.000000000000000000e+00 -5.384680000000000355e+00 0.000000000000000000e+00 0.000000000000000000e+00 1.000000000000000000e+00 0.000000000000000000e+00
-6.939378210839262096e-01 -7.200349300341566394e-01 0.000000000000000000e+00 -2.813009999999999788e+00 7.200349300341566394e-01 -6.939378210839262096e-01 0.000000000000000000e+00 -5.077499999999999680e+00 0.000000000000000000e+00 0.000000000000000000e+00 1.000000000000000000e+00 0.000000000000000000e+00
-8.068164967934638998e-01 -5.908021161962120349e-01 0.000000000000000000e+00 -2.518310000000000048e+00 5.908021161962120349e-01 -8.068164967934638998e-01 0.000000000000000000e+00 -4.805699999999999861e+00 0.000000000000000000e+00 0.000000000000000000e+00 1.000000000000000000e+00 0.000000000000000000e+00
-8.797155577015632888e-01 -4.755003023530347539e-01 0.000000000000000000e+00 -2.288930000000000131e+00 4.755003023530347539e-01 -8.797155577015632888e-01 0.000000000000000000e+00 -4.219319999999999737e+00 0.000000000000000000e+00 0.000000000000000000e+00 1.000000000000000000e+00 0.000000000000000000e+00
-9.609191740862459419e-01 -2.768290824198336719e-01 0.000000000000000000e+00 -2.234259999999999913e+00 2.768290824198336719e-01 -9.609191740862459419e-01 0.000000000000000000e+00 -3.898489999999999789e+00 0.000000000000000000e+00 0.000000000000000000e+00 1.000000000000000000e+00 0.000000000000000000e+00
-9.940236797857591178e-01 -1.091646647280093557e-01 0.000000000000000000e+00 -2.259469999999999867e+00 1.091646647280093557e-01 -9.940236797857591178e-01 0.000000000000000000e+00 -3.369510000000000005e+00 0.000000000000000000e+00 0.000000000000000000e+00 1.000000000000000000e+00 0.000000000000000000e+00
-9.999966390755643530e-01 2.592650685221862920e-03 0.000000000000000000e+00 -2.216060000000000141e+00 -2.592650685221862920e-03 -9.999966390755643530e-01 0.000000000000000000e+00 -2.999179999999999957e+00 0.000000000000000000e+00 0.000000000000000000e+00 1.000000000000000000e+00 0.000000000000000000e+00
-9.967606067631024080e-01 8.042569741849904530e-02 0.000000000000000000e+00 -2.195190000000000197e+00 -8.042569741849904530e-02 -9.967606067631024080e-01 0.000000000000000000e+00 -3.098959999999999937e+00 0.000000000000000000e+00 0.000000000000000000e+00 1.000000000000000000e+00 0.000000000000000000e+00
-9.410508789201222912e-01 3.382650488650361109e-01 0.000000000000000000e+00 -2.152340000000000142e+00 -3.382650488650361109e-01 -9.410508789201222912e-01 0.000000000000000000e+00 -2.581030000000000157e+00 0.000000000000000000e+00 0.000000000000000000e+00 1.000000000000000000e+00 0.000000000000000000e+00
-9.732124811466579262e-01 2.299075173637565306e-01 0.000000000000000000e+00 -2.281000000000000139e+00 -2.299075173637565306e-01 -9.732124811466579262e-01 0.000000000000000000e+00 -2.157529999999999948e+00 0.000000000000000000e+00 0.000000000000000000e+00 1.000000000000000000e+00 0.000000000000000000e+00
-9.893939679246724905e-01 1.452569317942251914e-01 0.000000000000000000e+00 -2.260679999999999801e+00 -1.452569317942251914e-01 -9.893939679246724905e-01 0.000000000000000000e+00 -1.800100000000000033e+00 0.000000000000000000e+00 0.000000000000000000e+00 1.000000000000000000e+00 0.000000000000000000e+00
-9.654523251273487983e-01 2.605797534464180387e-01 0.000000000000000000e+00 -2.391519999999999868e+00 -2.605797534464180387e-01 -9.654523251273487983e-01 0.000000000000000000e+00 -1.341429999999999900e+00 0.000000000000000000e+00 0.000000000000000000e+00 1.000000000000000000e+00 0.000000000000000000e+00
-9.988010792453055897e-01 4.895308058143863633e-02 0.000000000000000000e+00 -2.460879999999999956e+00 -4.895308058143863633e-02 -9.988010792453055897e-01 0.000000000000000000e+00 -9.385710000000000441e-01 0.000000000000000000e+00 0.000000000000000000e+00 1.000000000000000000e+00 0.000000000000000000e+00
-9.998730779597521101e-01 -1.593197951578951416e-02 0.000000000000000000e+00 -2.328399999999999803e+00 1.593197951578951416e-02 -9.998730779597521101e-01 0.000000000000000000e+00 -5.473710000000000520e-01 0.000000000000000000e+00 0.000000000000000000e+00 1.000000000000000000e+00 0.000000000000000000e+00
-9.999239537915742826e-01 1.233234097102661221e-02 0.000000000000000000e+00 -2.392590000000000217e+00 -1.233234097102661221e-02 -9.999239537915742826e-01 0.000000000000000000e+00 -1.535680000000000101e-01 0.000000000000000000e+00 0.000000000000000000e+00 1.000000000000000000e+00 0.000000000000000000e+00
-9.982903769719045917e-01 -5.844932202594496640e-02 0.000000000000000000e+00 -2.388090000000000046e+00 5.844932202594496640e-02 -9.982903769719045917e-01 0.000000000000000000e+00 3.208719999999999906e-01 0.000000000000000000e+00 0.000000000000000000e+00 1.000000000000000000e+00 0.000000000000000000e+00
-9.997694714316877063e-01 -2.147100354440341710e-02 0.000000000000000000e+00 -2.574489999999999945e+00 2.147100354440341710e-02 -9.997694714316877063e-01 0.000000000000000000e+00 8.861560000000000548e-01 0.000000000000000000e+00 0.000000000000000000e+00 1.000000000000000000e+00 0.000000000000000000e+00
-9.976751004402424350e-01 6.814979062001777499e-02 0.000000000000000000e+00 -2.608610000000000095e+00 -6.814979062001777499e-02 -9.976751004402424350e-01 0.000000000000000000e+00 1.244879999999999987e+00 0.000000000000000000e+00 0.000000000000000000e+00 1.000000000000000000e+00 0.000000000000000000e+00
-9.999996279144151012e-01 8.626534827995589131e-04 0.000000000000000000e+00 -2.545510000000000161e+00 -8.626534827995589131e-04 -9.999996279144151012e-01 0.000000000000000000e+00 1.701470000000000038e+00 0.000000000000000000e+00 0.000000000000000000e+00 1.000000000000000000e+00 0.000000000000000000e+00
-9.999951867742120637e-01 -3.102648611867549200e-03 0.000000000000000000e+00 -2.542159999999999975e+00 3.102648611867549200e-03 -9.999951867742120637e-01 0.000000000000000000e+00 2.200790000000000024e+00 0.000000000000000000e+00 0.000000000000000000e+00 1.000000000000000000e+00 0.000000000000000000e+00
-9.990201261393506504e-01 4.425819210627460198e-02 0.000000000000000000e+00 -2.622809999999999864e+00 -4.425819210627460198e-02 -9.990201261393506504e-01 0.000000000000000000e+00 2.610759999999999970e+00 0.000000000000000000e+00 0.000000000000000000e+00 1.000000000000000000e+00 0.000000000000000000e+00
-9.835012809319273464e-01 1.809011619787391500e-01 0.000000000000000000e+00 -2.592560000000000198e+00 -1.809011619787391500e-01 -9.835012809319273464e-01 0.000000000000000000e+00 3.126050000000000217e+00 0.000000000000000000e+00 0.000000000000000000e+00 1.000000000000000000e+00 0.000000000000000000e+00
-9.985972770471654991e-01 5.294788262042771781e-02 0.000000000000000000e+00 -2.843580000000000219e+00 -5.294788262042771781e-02 -9.985972770471654991e-01 0.000000000000000000e+00 3.659479999999999844e+00 0.000000000000000000e+00 0.000000000000000000e+00 1.000000000000000000e+00 0.000000000000000000e+00
-9.999634262812281404e-01 8.552549322090131911e-03 0.000000000000000000e+00 -2.750410000000000021e+00 -8.552549322090131911e-03 -9.999634262812281404e-01 0.000000000000000000e+00 4.181420000000000137e+00 0.000000000000000000e+00 0.000000000000000000e+00 1.000000000000000000e+00 0.000000000000000000e+00
-9.955181085239340755e-01 -9.457111398798577484e-02 0.000000000000000000e+00 -2.758539999999999992e+00 9.457111398798577484e-02 -9.955181085239340755e-01 0.000000000000000000e+00 4.766329999999999956e+00 0.000000000000000000e+00 0.000000000000000000e+00 1.000000000000000000e+00 0.000000000000000000e+00
-9.797329020267270261e-01 -2.003083639948358974e-01 0.000000000000000000e+00 -2.714339999999999975e+00 2.003083639948358974e-01 -9.797329020267270261e-01 0.000000000000000000e+00 5.341940000000000133e+00 0.000000000000000000e+00 0.000000000000000000e+00 1.000000000000000000e+00 0.000000000000000000e+00
-9.682602353336273726e-01 -2.499442271221091749e-01 0.000000000000000000e+00 -2.624629999999999797e+00 2.499442271221091749e-01 -9.682602353336273726e-01 0.000000000000000000e+00 5.825409999999999755e+00 0.000000000000000000e+00 0.000000000000000000e+00 1.000000000000000000e+00 0.000000000000000000e+00
-9.917664187158670153e-01 -1.280600277506748763e-01 0.000000000000000000e+00 -2.741359999999999797e+00 1.280600277506748763e-01 -9.917664187158670153e-01 0.000000000000000000e+00 5.713000000000000078e+00 0.000000000000000000e+00 0.000000000000000000e+00 1.000000000000000000e+00 0.000000000000000000e+00
-9.995912579283959820e-01 -2.858875781014089124e-02 0.000000000000000000e+00 -2.720250000000000057e+00 2.858875781014089124e-02 -9.995912579283959820e-01 0.000000000000000000e+00 6.119329999999999714e+00 0.000000000000000000e+00 0.000000000000000000e+00 1.000000000000000000e+00 0.000000000000000000e+00
-9.775546322508360531e-01 2.106820850592968364e-01 0.000000000000000000e+00 -2.694879999999999942e+00 -2.106820850592968364e-01 -9.775546322508360531e-01 0.000000000000000000e+00 6.586929999999999730e+00 0.000000000000000000e+00 0.000000000000000000e+00 1.000000000000000000e+00 0.000000000000000000e+00
-8.644441602524185475e-01 5.027288471984584506e-01 0.000000000000000000e+00 -2.874390000000000001e+00 -5.027288471984584506e-01 -8.644441602524185475e-01 0.000000000000000000e+00 6.996850000000000236e+00 0.000000000000000000e+00 0.000000000000000000e+00 1.000000000000000000e+00 0.000000000000000000e+00
-7.502060637939722554e-01 6.612040999923959328e-01 0.000000000000000000e+00 -3.135879999999999779e+00 -6.612040999923959328e-01 -7.502060637939722554e-01 0.000000000000000000e+00 7.430539999999999701e+00 0.000000000000000000e+00 0.000000000000000000e+00 1.000000000000000000e+00 0.000000000000000000e+00
-5.062352167741070996e-01 8.623954460093541385e-01 0.000000000000000000e+00 -3.540560000000000151e+00 -8.623954460093541385e-01 -5.062352167741070996e-01 0.000000000000000000e+00 7.633329999999999949e+00 0.000000000000000000e+00 0.000000000000000000e+00 1.000000000000000000e+00 0.000000000000000000e+00
-3.901676559670980149e-01 9.207438298664510912e-01 0.000000000000000000e+00 -3.942870000000000097e+00 -9.207438298664510912e-01 -3.901676559670980149e-01 0.000000000000000000e+00 7.855150000000000077e+00 0.000000000000000000e+00 0.000000000000000000e+00 1.000000000000000000e+00 0.000000000000000000e+00
-4.466643903840120111e-01 8.947015828547968397e-01 0.000000000000000000e+00 -4.425169999999999604e+00 -8.947015828547968397e-01 -4.466643903840120111e-01 0.000000000000000000e+00 8.070389999999999731e+00 0.000000000000000000e+00 0.000000000000000000e+00 1.000000000000000000e+00 0.000000000000000000e+00
-1.947314713667586128e-01 9.808565919946388156e-01 0.000000000000000000e+00 -4.866480000000000139e+00 -9.808565919946388156e-01 -1.947314713667586128e-01 0.000000000000000000e+00 8.330999999999999517e+00 0.000000000000000000e+00 0.000000000000000000e+00 1.000000000000000000e+00 0.000000000000000000e+00
-2.853903319245691406e-01 9.584113722426211845e-01 0.000000000000000000e+00 -5.372060000000000279e+00 -9.584113722426211845e-01 -2.853903319245691406e-01 0.000000000000000000e+00 8.302989999999999426e+00 0.000000000000000000e+00 0.000000000000000000e+00 1.000000000000000000e+00 0.000000000000000000e+00
-1.076049273471175738e-01 9.941937334396256931e-01 0.000000000000000000e+00 -5.640240000000000364e+00 -9.941937334396256931e-01 -1.076049273471175738e-01 0.000000000000000000e+00 8.343439999999999301e+00 0.000000000000000000e+00 0.000000000000000000e+00 1.000000000000000000e+00 0.000000000000000000e+00
1.440830852794790506e-01 9.895655938523461037e-01 0.000000000000000000e+00 -6.046640000000000015e+00 -9.895655938523461037e-01 1.440830852794790506e-01 0.000000000000000000e+00 8.183519999999999683e+00 0.000000000000000000e+00 0.000000000000000000e+00 1.000000000000000000e+00 0.000000000000000000e+00
1.868417823461419047e-01 9.823900184599377861e-01 0.000000000000000000e+00 -6.314199999999999591e+00 -9.823900184599377861e-01 1.868417823461419047e-01 0.000000000000000000e+00 8.101010000000000488e+00 0.000000000000000000e+00 0.000000000000000000e+00 1.000000000000000000e+00 0.000000000000000000e+00
3.886595570354021145e-01 9.213814349795881320e-01 0.000000000000000000e+00 -6.697280000000000122e+00 -9.213814349795881320e-01 3.886595570354021145e-01 0.000000000000000000e+00 8.081419999999999604e+00 0.000000000000000000e+00 0.000000000000000000e+00 1.000000000000000000e+00 0.000000000000000000e+00
4.199918383691855772e-01 9.075278815018698042e-01 0.000000000000000000e+00 -7.012330000000000396e+00 -9.075278815018698042e-01 4.199918383691855772e-01 0.000000000000000000e+00 7.900909999999999656e+00 0.000000000000000000e+00 0.000000000000000000e+00 1.000000000000000000e+00 0.000000000000000000e+00
6.438331401896275619e-01 7.651659216101847072e-01 0.000000000000000000e+00 -7.251929999999999765e+00 -7.651659216101847072e-01 6.438331401896275619e-01 0.000000000000000000e+00 7.627810000000000201e+00 0.000000000000000000e+00 0.000000000000000000e+00 1.000000000000000000e+00 0.000000000000000000e+00
8.754017672517628856e-01 4.833960548995929196e-01 0.000000000000000000e+00 -7.663780000000000037e+00 -4.833960548995929196e-01 8.754017672517628856e-01 0.000000000000000000e+00 7.329939999999999678e+00 0.000000000000000000e+00 0.000000000000000000e+00 1.000000000000000000e+00 0.000000000000000000e+00
9.351641945737694250e-01 3.542145242465266630e-01 0.000000000000000000e+00 -7.858100000000000307e+00 -3.542145242465266630e-01 9.351641945737694250e-01 0.000000000000000000e+00 6.900579999999999714e+00 0.000000000000000000e+00 0.000000000000000000e+00 1.000000000000000000e+00 0.000000000000000000e+00
9.770542009376237402e-01 2.129908177132092961e-01 0.000000000000000000e+00 -8.034710000000000463e+00 -2.129908177132092961e-01 9.770542009376237402e-01 0.000000000000000000e+00 6.467369999999999841e+00 0.000000000000000000e+00 0.000000000000000000e+00 1.000000000000000000e+00 0.000000000000000000e+00
9.966721512296341512e-01 8.151455675701856085e-02 0.000000000000000000e+00 -8.009759999999999991e+00 -8.151455675701856085e-02 9.966721512296341512e-01 0.000000000000000000e+00 5.904209999999999958e+00 0.000000000000000000e+00 0.000000000000000000e+00 1.000000000000000000e+00 0.000000000000000000e+00
9.999956718209677131e-01 2.942165755252607474e-03 0.000000000000000000e+00 -8.183260000000000645e+00 -2.942165755252607474e-03 9.999956718209677131e-01 0.000000000000000000e+00 5.960670000000000357e+00 0.000000000000000000e+00 0.000000000000000000e+00 1.000000000000000000e+00 0.000000000000000000e+00
9.997590315971254249e-01 -2.195173660505983157e-02 0.000000000000000000e+00 -8.209220000000000184e+00 2.195173660505983157e-02 9.997590315971254249e-01 0.000000000000000000e+00 5.329489999999999839e+00 0.000000000000000000e+00 0.000000000000000000e+00 1.000000000000000000e+00 0.000000000000000000e+00
9.978088920927555838e-01 -6.616203488880564865e-02 0.000000000000000000e+00 -8.329269999999999285e+00 6.616203488880564865e-02 9.978088920927555838e-01 0.000000000000000000e+00 4.798809999999999576e+00 0.000000000000000000e+00 0.000000000000000000e+00 1.000000000000000000e+00 0.000000000000000000e+00
9.939741978460254757e-01 -1.096142965873990044e-01 0.000000000000000000e+00 -8.238020000000000564e+00 1.096142965873990044e-01 9.939741978460254757e-01 0.000000000000000000e+00 4.226499999999999702e+00 0.000000000000000000e+00 0.000000000000000000e+00 1.000000000000000000e+00 0.000000000000000000e+00
9.764555074335171669e-01 -2.157188957943936003e-01 0.000000000000000000e+00 -8.134059999999999846e+00 2.157188957943936003e-01 9.764555074335171669e-01 0.000000000000000000e+00 3.653929999999999900e+00 0.000000000000000000e+00 0.000000000000000000e+00 1.000000000000000000e+00 0.000000000000000000e+00
9.869907328610758590e-01 -1.607771539938321614e-01 0.000000000000000000e+00 -7.968510000000000204e+00 1.607771539938321614e-01 9.869907328610758590e-01 0.000000000000000000e+00 3.160029999999999895e+00 0.000000000000000000e+00 0.000000000000000000e+00 1.000000000000000000e+00 0.000000000000000000e+00
9.956160787569647841e-01 -9.353407785724600354e-02 0.000000000000000000e+00 -7.899700000000000166e+00 9.353407785724600354e-02 9.956160787569647841e-01 0.000000000000000000e+00 2.573370000000000157e+00 0.000000000000000000e+00 0.000000000000000000e+00 1.000000000000000000e+00 0.000000000000000000e+00
9.997487047450895892e-01 -2.241712203909718842e-02 0.000000000000000000e+00 -7.909559999999999924e+00 2.241712203909718842e-02 9.997487047450895892e-01 0.000000000000000000e+00 2.058749999999999858e+00 0.000000000000000000e+00 0.000000000000000000e+00 1.000000000000000000e+00 0.000000000000000000e+00
9.999369509503616138e-01 -1.122916399800867257e-02 0.000000000000000000e+00 -7.683019999999999960e+00 1.122916399800867257e-02 9.999369509503616138e-01 0.000000000000000000e+00 1.583579999999999988e+00 0.000000000000000000e+00 0.000000000000000000e+00 1.000000000000000000e+00 0.000000000000000000e+00
9.976512385262564786e-01 -6.849822090409672659e-02 0.000000000000000000e+00 -7.941080000000000361e+00 6.849822090409672659e-02 9.976512385262564786e-01 0.000000000000000000e+00 1.039120000000000044e+00 0.000000000000000000e+00 0.000000000000000000e+00 1.000000000000000000e+00 0.000000000000000000e+00
9.985604920782735761e-01 -5.363714813817169885e-02 0.000000000000000000e+00 -7.850450000000000372e+00 5.363714813817169885e-02 9.985604920782735761e-01 0.000000000000000000e+00 4.401459999999999817e-01 0.000000000000000000e+00 0.000000000000000000e+00 1.000000000000000000e+00 0.000000000000000000e+00
9.920492310705409933e-01 -1.258503998100453658e-01 0.000000000000000000e+00 -7.716210000000000235e+00 1.258503998100453658e-01 9.920492310705409933e-01 0.000000000000000000e+00 -4.081259999999999749e-02 0.000000000000000000e+00 0.000000000000000000e+00 1.000000000000000000e+00 0.000000000000000000e+00
9.769018764575466696e-01 -2.136883800624739260e-01 0.000000000000000000e+00 -7.791210000000000413e+00 2.136883800624739260e-01 9.769018764575466696e-01 0.000000000000000000e+00 -6.133180000000000298e-01 0.000000000000000000e+00 0.000000000000000000e+00 1.000000000000000000e+00 0.000000000000000000e+00
9.943731779421065564e-01 -1.059338613915106336e-01 0.000000000000000000e+00 -7.680349999999999788e+00 1.059338613915106336e-01 9.943731779421065564e-01 0.000000000000000000e+00 -1.287809999999999899e+00 0.000000000000000000e+00 0.000000000000000000e+00 1.000000000000000000e+00 0.000000000000000000e+00
9.958521905134377628e-01 -9.098579366905418242e-02 0.000000000000000000e+00 -7.515279999999999738e+00 9.098579366905418242e-02 9.958521905134377628e-01 0.000000000000000000e+00 -1.729090000000000016e+00 0.000000000000000000e+00 0.000000000000000000e+00 1.000000000000000000e+00 0.000000000000000000e+00
9.895497858472616093e-01 -1.441916132430683395e-01 0.000000000000000000e+00 -7.327919999999999767e+00 1.441916132430683395e-01 9.895497858472616093e-01 0.000000000000000000e+00 -2.497759999999999980e+00 0.000000000000000000e+00 0.000000000000000000e+00 1.000000000000000000e+00 0.000000000000000000e+00
9.773203113705409839e-01 -2.117664019210528936e-01 0.000000000000000000e+00 -7.223650000000000126e+00 2.117664019210528936e-01 9.773203113705409839e-01 0.000000000000000000e+00 -2.977409999999999890e+00 0.000000000000000000e+00 0.000000000000000000e+00 1.000000000000000000e+00 0.000000000000000000e+00
9.831222670577480782e-01 -1.829497417741653142e-01 0.000000000000000000e+00 -7.144230000000000302e+00 1.829497417741653142e-01 9.831222670577480782e-01 0.000000000000000000e+00 -3.548230000000000217e+00 0.000000000000000000e+00 0.000000000000000000e+00 1.000000000000000000e+00 0.000000000000000000e+00
9.894952107233387917e-01 -1.445656527518738854e-01 0.000000000000000000e+00 -7.079979999999999940e+00 1.445656527518738854e-01 9.894952107233387917e-01 0.000000000000000000e+00 -4.027680000000000149e+00 0.000000000000000000e+00 0.000000000000000000e+00 1.000000000000000000e+00 0.000000000000000000e+00
9.987586428010005735e-01 -4.981137852241522557e-02 0.000000000000000000e+00 -7.011260000000000048e+00 4.981137852241522557e-02 9.987586428010005735e-01 0.000000000000000000e+00 -4.768799999999999706e+00 0.000000000000000000e+00 0.000000000000000000e+00 1.000000000000000000e+00 0.000000000000000000e+00
9.758863183506785166e-01 -2.182793935669559704e-01 0.000000000000000000e+00 -7.159099999999999575e+00 2.182793935669559704e-01 9.758863183506785166e-01 0.000000000000000000e+00 -4.778030000000000221e+00 0.000000000000000000e+00 0.000000000000000000e+00 1.000000000000000000e+00 0.000000000000000000e+00
9.485461414029869864e-01 -3.166389389028214651e-01 0.000000000000000000e+00 -6.949499999999999567e+00 3.166389389028214651e-01 9.485461414029869864e-01 0.000000000000000000e+00 -5.166380000000000194e+00 0.000000000000000000e+00 0.000000000000000000e+00 1.000000000000000000e+00 0.000000000000000000e+00
8.972730554385471846e-01 -4.414760061248786394e-01 0.000000000000000000e+00 -6.835600000000000342e+00 4.414760061248786394e-01 8.972730554385471846e-01 0.000000000000000000e+00 -5.581419999999999604e+00 0.000000000000000000e+00 0.000000000000000000e+00 1.000000000000000000e+00 0.000000000000000000e+00
7.891318655466825760e-01 -6.142238181467831737e-01 0.000000000000000000e+00 -6.554020000000000401e+00 6.142238181467831737e-01 7.891318655466825760e-01 0.000000000000000000e+00 -6.046560000000000379e+00 0.000000000000000000e+00 0.000000000000000000e+00 1.000000000000000000e+00 0.000000000000000000e+00
6.437221843630870355e-01 -7.652592693713783367e-01 0.000000000000000000e+00 -6.303589999999999804e+00 7.652592693713783367e-01 6.437221843630870355e-01 0.000000000000000000e+00 -6.374270000000000103e+00 0.000000000000000000e+00 0.000000000000000000e+00 1.000000000000000000e+00 0.000000000000000000e+00
5.684727891454310900e-01 -8.227020651494769687e-01 0.000000000000000000e+00 -6.026200000000000223e+00 8.227020651494769687e-01 5.684727891454310900e-01 0.000000000000000000e+00 -6.509970000000000034e+00 0.000000000000000000e+00 0.000000000000000000e+00 1.000000000000000000e+00 0.000000000000000000e+00
3.588694021668315526e-01 -9.333877823222355152e-01 0.000000000000000000e+00 -5.697000000000000064e+00 9.333877823222355152e-01 3.588694021668315526e-01 0.000000000000000000e+00 -6.690120000000000289e+00 0.000000000000000000e+00 0.000000000000000000e+00 1.000000000000000000e+00 0.000000000000000000e+00
2.426012678811477752e-01 -9.701260870744893294e-01 0.000000000000000000e+00 -5.446600000000000108e+00 9.701260870744893294e-01 2.426012678811477752e-01 0.000000000000000000e+00 -6.831739999999999924e+00 0.000000000000000000e+00 0.000000000000000000e+00 1.000000000000000000e+00 0.000000000000000000e+00
1.367465156866521370e-01 -9.906060722848211153e-01 0.000000000000000000e+00 -4.975620000000000154e+00 9.906060722848211153e-01 1.367465156866521370e-01 0.000000000000000000e+00 -6.973720000000000141e+00 0.000000000000000000e+00 0.000000000000000000e+00 1.000000000000000000e+00 0.000000000000000000e+00
8.993464788072134952e-02 -9.959476688614571360e-01 0.000000000000000000e+00 -4.417029999999999568e+00 9.959476688614571360e-01 8.993464788072134952e-02 0.000000000000000000e+00 -7.134509999999999685e+00 0.000000000000000000e+00 0.000000000000000000e+00 1.000000000000000000e+00 0.000000000000000000e+00
-3.231804476325150083e-02 -9.994776355590356820e-01 0.000000000000000000e+00 -4.155319999999999681e+00 9.994776355590356820e-01 -3.231804476325150083e-02 0.000000000000000000e+00 -7.123859999999999637e+00 0.000000000000000000e+00 0.000000000000000000e+00 1.000000000000000000e+00 0.000000000000000000e+00
-2.012498138882608534e-01 -9.795399493690598591e-01 0.000000000000000000e+00 -3.765070000000000139e+00 9.795399493690598591e-01 -2.012498138882608534e-01 0.000000000000000000e+00 -6.928659999999999819e+00 0.000000000000000000e+00 0.000000000000000000e+00 1.000000000000000000e+00 0.000000000000000000e+00
-4.062292454017820686e-01 -9.137711968432243870e-01 0.000000000000000000e+00 -3.333839999999999915e+00 9.137711968432243870e-01 -4.062292454017820686e-01 0.000000000000000000e+00 -6.797480000000000189e+00 0.000000000000000000e+00 0.000000000000000000e+00 1.000000000000000000e+00 0.000000000000000000e+00
-5.702611046744289203e-01 -8.214634943170024961e-01 0.000000000000000000e+00 -2.880920000000000147e+00 8.214634943170024961e-01 -5.702611046744289203e-01 0.000000000000000000e+00 -6.485280000000000378e+00 0.000000000000000000e+00 0.000000000000000000e+00 1.000000000000000000e+00 0.000000000000000000e+00
-7.160336182645403724e-01 -6.980657974109535369e-01 0.000000000000000000e+00 -2.625960000000000072e+00 6.980657974109535369e-01 -7.160336182645403724e-01 0.000000000000000000e+00 -6.182140000000000413e+00 0.000000000000000000e+00 0.000000000000000000e+00 1.000000000000000000e+00 0.000000000000000000e+00
-8.109732687205161161e-01 -5.850832055535021281e-01 0.000000000000000000e+00 -2.366560000000000219e+00 5.850832055535021281e-01 -8.109732687205161161e-01 0.000000000000000000e+00 -5.769820000000000171e+00 0.000000000000000000e+00 0.000000000000000000e+00 1.000000000000000000e+00 0.000000000000000000e+00
-9.018937157901165680e-01 -4.319580134900802837e-01 0.000000000000000000e+00 -2.126500000000000057e+00 4.319580134900802837e-01 -9.018937157901165680e-01 0.000000000000000000e+00 -5.270990000000000286e+00 0.000000000000000000e+00 0.000000000000000000e+00 1.000000000000000000e+00 0.000000000000000000e+00
-9.658783773914380033e-01 -2.589960619153944821e-01 0.000000000000000000e+00 -2.015559999999999796e+00 2.589960619153944821e-01 -9.658783773914380033e-01 0.000000000000000000e+00 -4.843829999999999636e+00 0.000000000000000000e+00 0.000000000000000000e+00 1.000000000000000000e+00 0.000000000000000000e+00
-9.944408084371973988e-01 -1.052970964213788829e-01 0.000000000000000000e+00 -1.973999999999999977e+00 1.052970964213788829e-01 -9.944408084371973988e-01 0.000000000000000000e+00 -4.330219999999999736e+00 0.000000000000000000e+00 0.000000000000000000e+00 1.000000000000000000e+00 0.000000000000000000e+00
9.963734408703279755e-01 8.508799168051266182e-02 0.000000000000000000e+00 -1.958320000000000061e+00 -8.508799168051266182e-02 9.963734408703279755e-01 0.000000000000000000e+00 -3.813229999999999897e+00 0.000000000000000000e+00 0.000000000000000000e+00 1.000000000000000000e+00 0.000000000000000000e+00
